content/bg.png
| 0 680
| 40 680
| 80 680
| 120 680
| 160 680
| 200 680
| 240 680
| 280 680
| 320 680
| 360 680
| 400 680
| 440 680
| 480 680
| 520 680
| 560 680
| 600 680
| 640 680
| 680 680
| 720 680
| 760 680
| 800 680
| 840 680
| 880 680
| 920 680
| 960 680
| 1000 680
| 1040 680
| 1080 680
| 1120 680
| 1160 680
| 1200 680
| 1240 680
| 1280 680
| 1320 680
| 1360 680
| 1400 680
+ 0 0
+ 0 40
+ 0 80
+ 0 120
+ 0 160
+ 0 200
+ 0 240
+ 0 280
+ 0 320
+ 0 360
+ 0 400
+ 0 440
+ 0 480
+ 0 640
+ 0 600
+ 0 560
+ 0 520
+ 2000 680
| 2040 680
| 2080 680
| 2120 680
= 2120 640
= 2120 600
= 2120 560
= 2200 560
= 2200 600
= 2200 640
| 2200 680
| 2240 680
| 2280 680
| 2320 680
| 2360 680
| 2400 680
| 2440 680
| 2480 680
| 2520 680
+ 2520 640
+ 2520 600
+ 2520 560
+ 2520 520
+ 2520 480
+ 2520 440
+ 2520 200
+ 2520 160
+ 2520 120
+ 2520 80
+ 2520 40
+ 2520 0
+ 2520 240
+ 2520 280
+ 2520 320
+ 2520 360
+ 2520 400
| 120 600
| 160 600
| 200 600
| 240 600
| 280 600
| 280 440
| 320 440
| 360 440
| 400 440
| 440 440
| 440 400
| 80 360
| 80 400
| 120 400
| 160 400
| 800 600
| 800 560
| 800 520
| 800 480
| 840 440
| 880 440
| 920 440
| 800 160
| 840 200
| 880 200
| 880 240
| 920 240
| 920 280
| 960 280
= 200 160
= 160 160
